19
0 -536198758 414365152 -234899500
0 525040296 568603186 -216023504
1 -323480467 317514922 79998201
1 -184002975 -23258664 169301009
1 -686897757 293371857 394095021
1 -807950380 509926337 -241706887
0 -149726152 -138486369 46366215
0 176249346 655050937 -213195815
1 -162404938 271607382 395653476
0 -673782789 -272394567 -416186569
0 -27928090 508496149 561608053
1 -704414510 240668124 156883614
1 -529692383 669970516 -859919252
1 -471097753 -207312280 76358970
1 -166510455 -13869797 619401591
0 -527586539 350837330 -254002318
1 -297802539 60659981 -199066053
0 5968082 754532173 577580977
1 -26413660 166752474 496238297
