15
1 -301587429 284408669 205559165
1 298122401 808016349 -102652457
1 585274001 808016349 202162074
0 -298976090 -113037427 -190662784
0 -390874630 8425349 -111100876
0 -396795486 100194107 192305379
0 -102652457 202162074 585274001
1 -301587429 284408669 -515243791
1 192305379 291779105 100194107
0 -390874630 8425349 -695597265
1 -403935689 -190662784 -197464475
1 192305379 291779105 -396795486
0 -515243791 205559165 106094733
0 -102652457 202162074 808016349
1 -695597265 -111100876 -390874630
