16
0 -146389129 521074005 108584987
0 -538708366 -303158184 314956736
1 -768615820 228530950 53565329
1 -392701847 705465158 45221168
0 -283122829 452823445 634193775
0 -188455737 -46980280 -63829555
1 46099182 234373206 588399615
1 -458411244 -29681707 485446836
1 -159966857 -95223711 -367294793
0 -561736240 -455073412 -406409501
1 -774448049 -66142230 83970706
0 -401285185 169727506 310907771
1 -876194851 -136181983 141371528
1 -252481816 585063517 250691354
1 -1116512 111981735 298261513
1 -728799025 -520910730 -97164136
