24
1 -820492347 163652096 -164826397
0 167573007 317300111 130552629
0 -339720602 -123296242 -228648537
0 -409873864 216503096 666395429
0 -848502575 228282304 -66080113
0 -7214964 3657189 245292737
1 -489558846 -153772395 -97905070
1 -186300664 435947674 -87710213
0 182005590 337702663 -112101729
1 -864302189 -34670893 74138616
0 -710321195 -157805919 640940867
0 -414079920 105077729 349451093
0 -847436389 -311025150 -427202490
0 85352090 191316785 -432971312
1 428807029 713697327 -226559391
0 -299129781 254864018 4332335
1 -569808830 -129917140 -680822508
0 -447884405 235165778 56362724
1 -783772696 19309682 21418597
1 -817187140 678204275 63566818
0 -158533633 810642716 405266035
1 399509024 841041286 693435290
1 -622652015 -363476856 -88983510
1 -881457323 -816803213 553945144
