24
0 -252522638 -153579224 -311642495
0 -6260944 41119532 552321581
0 -529014104 3866492 409628193
1 -244289800 60475171 -359522731
1 16344512 410865956 256081861
0 -54601208 364978157 -707907911
0 298929335 748010585 -869625808
0 -294518394 430174699 -356865436
0 -294219483 18315407 468301385
0 -409539854 27403851 -447801429
1 -638791042 314029208 343033171
1 -769763552 -509132422 428098514
0 -971550400 690279915 163757621
0 -469389032 587553260 940284072
0 -78066512 816315213 185572527
0 183874005 388425692 -388412299
1 -115105686 55796289 -553602438
0 12725887 282377367 -895457605
0 34553349 553969492 -120565787
0 375108542 480429130 -161295588
0 139292615 177757595 405502000
1 -506364542 9954693 -388968886
1 -397364499 402039062 -95353998
0 -434703436 -310691737 -61576908
