23
0 244844985 356516379 591862513
1 -266845869 174091889 46394913
1 -584163995 -220930006 -266796861
1 -291165783 -49967249 80564267
0 -419594117 -293273617 -127582787
0 -268384609 432502350 54746824
1 347818366 708934423 396939645
1 -604118663 -205699584 -145450662
1 -346469390 47424248 -664187312
0 24328969 808366503 34092140
1 -238157919 607773524 78255952
0 -186001508 467994651 -626973796
1 101415783 298548169 -158697972
0 -678434748 -303777179 71076161
1 -431601912 -315224562 -407704374
0 -784012172 -205836576 488931209
0 -293664970 -67205412 121321742
1 193884013 375170605 -124349488
0 47244123 135510333 -681586487
0 84510683 164408432 -235869413
0 -275874688 373869410 174575979
0 129728646 505333461 176474619
0 -163167459 346306315 688809843
